# MachineName: RIKEN-STAGE08
# UserName   : henp
# Date       : 20260729T091558
# Shrink     : 1
1 29.23127 0.03057 -0.15290
1 29.22526 0.03147 -0.15640
1 29.22150 0.03140 -0.15870
1 29.21563 0.03132 -0.16250
1 29.20992 0.03162 -0.16610
1 29.20586 0.03238 -0.16930
1 29.20187 0.03328 -0.17150
1 29.19946 0.03373 -0.17340
2 29.19811 0.01162 -0.16610
2 29.19728 0.01380 -0.16700
2 29.19743 0.01508 -0.16740
2 29.19758 0.01741 -0.16850
2 29.19796 0.02080 -0.16900
2 29.19826 0.02365 -0.17030
2 29.19856 0.02598 -0.17090
2 29.19864 0.02786 -0.17140
2 29.19864 0.02877 -0.17160
2 29.19894 0.03192 -0.17270
2 29.19939 0.03350 -0.17380
3 29.18503 0.06396 -0.17430
3 29.18743 0.06027 -0.17430
