# MachineName: RIKEN-STAGE08
# UserName   : henp
# Date       : 20260729T091558
# Shrink     : 1.9

1 1 29.23127 0.03057 -0.29051
1 1 29.22526 0.03147 -0.29716
1 1 29.22150 0.03140 -0.30153
1 1 29.21563 0.03132 -0.30875
1 1 29.20992 0.03162 -0.31559
1 1 29.20586 0.03238 -0.32167
1 1 29.20187 0.03328 -0.32585
1 1 29.19946 0.03373 -0.32946

1 2 29.19811 0.01162 -0.31559
1 2 29.19728 0.01380 -0.31730
1 2 29.19743 0.01508 -0.31806
1 2 29.19758 0.01741 -0.32015
1 2 29.19796 0.02080 -0.32110
1 2 29.19826 0.02365 -0.32357
1 2 29.19856 0.02598 -0.32471
1 2 29.19864 0.02786 -0.32566
1 2 29.19864 0.02877 -0.32604
1 2 29.19894 0.03192 -0.32813
1 2 29.19939 0.03350 -0.33022
